3 0.3390625 0.6794618055555556 0.228125 0.13826388888888896
3 0.50859375 0.7117708333333332 0.23125 0.13996527777777779
3 0.58828125 0.7449479166666666 0.1765625 0.11409722222222243
3 0.640625 0.6387152777777778 0.1609375 0.10715277777777779
3 0.65078125 0.47420138888888896 0.1578125 0.09451388888888879
3 0.684375 0.38989583333333333 0.153125 0.09586805555555555
3 0.7265625 0.35208333333333336 0.140625 0.0796875
3 0.66640625 0.2727256944444444 0.159375 0.10552083333333329
3 0.715625 0.29006944444444444 0.1390625 0.0921180555555555
3 0.6640625 0.23376736111111113 0.0875 0.05857638888888887
6 0.2890625 0.7902777777777779 0.3703125 0.16333333333333327
3 0.453125 0.8314236111111111 0.115625 0.06451388888888906
6 0.8296875 0.2240625 0.340625 0.31513888888888886