3 0.7124131944444445 0.49829861111111107 0.07309027777777785 0.13480324074074074
3 0.66890625 0.4915335648148148 0.0750694444444445 0.14422453703703705
3 0.62765625 0.5043923611111112 0.07697916666666664 0.1520833333333332
3 0.5840451388888889 0.5351736111111112 0.07302083333333335 0.13324074074074072
3 0.5397916666666667 0.5276041666666667 0.0767708333333335 0.14739583333333323
3 0.49805555555555553 0.5161979166666667 0.06385416666666668 0.1376504629629629
3 0.4580034722222222 0.519704861111111 0.07229166666666664 0.15194444444444458
3 0.41748263888888887 0.5513599537037037 0.07229166666666664 0.15194444444444438
3 0.3131597222222222 0.5928587962962963 0.0906944444444445 0.14468750000000002
3 0.4715451388888889 0.6374479166666667 0.125 0.07392361111111115
3 0.6865625 0.604704861111111 0.12677083333333333 0.07865740740740748
3 0.5770659722222222 0.6217997685185186 0.1108680555555555 0.0719444444444445
6 0.3781423611111111 0.5564525462962963 0.08375000000000003 0.1990972222222222