3 0.5339525462962962 0.27590856481481485 0.13491898148148138 0.07542824074074073
3 0.5359722222222223 0.31969328703703703 0.14431712962962956 0.07869212962962964
3 0.5200520833333334 0.35930555555555554 0.15214120370370382 0.08037037037037038
3 0.4853761574074074 0.3994212962962963 0.13335648148148155 0.07540509259259257
3 0.4897337962962963 0.44402199074074067 0.14744212962962955 0.07873842592592588
3 0.49722800925925925 0.4871064814814815 0.13798611111111114 0.06766203703703688
3 0.48990162037037044 0.5268460648148148 0.15053240740740748 0.07409722222222222
3 0.4544675925925926 0.5638252314814814 0.15053240740740748 0.07409722222222222
3 0.40451388888888895 0.6623148148148148 0.1459837962962963 0.09277777777777771
3 0.37368055555555557 0.5001215277777777 0.07747685185185187 0.12457175925925927
3 0.4260243055555556 0.2899363425925926 0.08217592592592596 0.12620370370370376
3 0.3986689814814815 0.3965740740740741 0.07424768518518512 0.11046296296296294
6 0.44559606481481484 0.6011979166666667 0.19749999999999995 0.08729166666666668