3 0.44005208333333334 0.2817881944444444 0.1359375 0.07329861111111118
3 0.4579340277777778 0.3212673611111111 0.14534722222222224 0.07506944444444441
3 0.4577604166666667 0.3642534722222222 0.15163194444444444 0.07677083333333332
3 0.4402430555555556 0.41388888888888886 0.13277777777777774 0.07166666666666668
3 0.45965277777777774 0.45496527777777784 0.14690972222222226 0.07510416666666657
3 0.4822916666666667 0.49142361111111105 0.13729166666666667 0.06395833333333342
3 0.49000000000000005 0.5314583333333334 0.1514930555555555 0.07052083333333332
3 0.4701909722222222 0.5786979166666667 0.1514930555555555 0.07052083333333332
3 0.45913194444444444 0.6894444444444444 0.1456944444444444 0.0906944444444445
3 0.37234375000000003 0.5499479166666668 0.0746180555555556 0.12503472222222206
3 0.34430555555555553 0.334375 0.07930555555555552 0.1251388888888889
3 0.35829861111111116 0.44333333333333336 0.07270833333333329 0.109375
6 0.4755902777777778 0.6171180555555555 0.19861111111111107 0.08249999999999993