3 0.51328125 0.734375 0.12734375 0.0484375
3 0.5015625 0.6921875 0.13671875 0.0484375
3 0.50859375 0.65 0.14453125 0.0484375
3 0.53359375 0.603125 0.125 0.0484375
3 0.5203125 0.56015625 0.1390625 0.0484375
3 0.50390625 0.5203125 0.13203125 0.03828125
3 0.50234375 0.4796875 0.14453125 0.04296875
3 0.52890625 0.4359375 0.14453125 0.04296875
3 0.55625 0.328125 0.134375 0.06484375
3 0.62109375 0.4796875 0.053125 0.115625
3 0.615625 0.696875 0.0578125 0.115625
3 0.61875 0.58671875 0.053125 0.10078125
6 0.52890625 0.396875 0.1921875 0.0453125