0 0.40625 0.0640625 0.084375 0.09609375
6 0.43515625 0.28515625 0.0671875 0.09140625
0 0.5140625 0.13125 0.06953125 0.08671875
6 0.48671875 0.2203125 0.1109375 0.20703125
6 0.37890625 0.46484375 0.1390625 0.06015625
0 0.34609375 0.553125 0.0578125 0.134375
0 0.39765625 0.55078125 0.053125 0.10546875
0 0.3734375 0.6296875 0.0359375 0.0484375
0 0.39921875 0.78828125 0.321875 0.41328125
6 0.32109375 0.87734375 0.43515625 0.240625
6 0.61640625 0.5640625 0.43984375 0.65859375
0 0.62109375 0.0609375 0.03828125 0.071875
6 0.67421875 0.23671875 0.0265625 0.05078125
6 0.875 0.70078125 0.2453125 0.4546875
6 0.74296875 0.88359375 0.1828125 0.2234375