3 0.48671875 0.265625 0.12734375 0.0484375
3 0.4984375 0.3078125 0.13671875 0.0484375
3 0.49140625 0.35 0.14453125 0.0484375
3 0.46640625 0.396875 0.125 0.0484375
3 0.4796875 0.43984375 0.1390625 0.0484375
3 0.49609375 0.4796875 0.13203125 0.03828125
3 0.49765625 0.5203125 0.14453125 0.04296875
3 0.47109375 0.5640625 0.14453125 0.04296875
3 0.44375 0.671875 0.134375 0.06484375
3 0.37890625 0.5203125 0.053125 0.115625
3 0.384375 0.303125 0.0578125 0.115625
3 0.38125 0.41328125 0.053125 0.10078125
6 0.47109375 0.603125 0.1921875 0.0453125