0 0.5732349537037037 0.9258969907407408 0.10402777777777779 0.11145833333333358
6 0.5679398148148149 0.7030092592592593 0.0865162037037038 0.10457175925925935
0 0.4728067129629629 0.8458622685185185 0.08783564814814823 0.09994212962962976
6 0.5098784722222222 0.7607349537037036 0.15369212962962955 0.2271412037037038
6 0.6427835648148148 0.5311631944444445 0.15108796296296295 0.08668981481481489
0 0.6846238425925926 0.44742476851851853 0.08549768518518519 0.1450810185185185
0 0.6335185185185186 0.44305555555555554 0.07458333333333336 0.11504629629629637
0 0.665607638888889 0.367505787037037 0.04650462962962969 0.054745370370370416
0 0.6565219907407408 0.22168692129629627 0.406550925925926 0.44337384259259255
6 0.7463425925925926 0.14495081018518519 0.48306712962962967 0.28990162037037037
6 0.417025462962963 0.40410879629629626 0.5747685185185185 0.7386574074074075
0 0.3591550925925926 0.9032986111111111 0.05240740740740737 0.07835648148148167
6 0.3247164351851852 0.722193287037037 0.0372106481481481 0.05596064814814809
6 0.17275462962962962 0.24291087962962962 0.33925925925925926 0.48582175925925924
6 0.3257002314814815 0.09997106481481481 0.22640046296296293 0.19994212962962962