0 0.9359375 0.59375 0.09609375 0.084375
6 0.71484375 0.56484375 0.09140625 0.0671875
0 0.86875 0.4859375 0.08671875 0.06953125
6 0.7796875 0.51328125 0.20703125 0.1109375
6 0.53515625 0.62109375 0.06015625 0.1390625
0 0.446875 0.65390625 0.134375 0.0578125
0 0.44921875 0.60234375 0.10546875 0.053125
0 0.3703125 0.6265625 0.0484375 0.0359375
0 0.21171875 0.60078125 0.41328125 0.321875
6 0.12109375 0.68046875 0.240625 0.4328125
6 0.4359375 0.38359375 0.65859375 0.43984375
0 0.9390625 0.37890625 0.071875 0.03828125
6 0.76328125 0.32578125 0.05078125 0.0265625
6 0.29921875 0.125 0.4546875 0.2453125
6 0.11640625 0.25703125 0.22109375 0.1828125