3 0.3605787037037037 0.3185763888888889 0.2235185185185186 0.1273726851851852
3 0.5328645833333333 0.30636574074074074 0.2266435185185184 0.12760416666666669
3 0.6152372685185185 0.2828125 0.17170138888888892 0.10636574074074075
3 0.6598148148148149 0.3945891203703704 0.15754629629629627 0.09907407407407405
3 0.6575578703703704 0.5583043981481481 0.1542361111111111 0.08634259259259255
3 0.6853935185185185 0.6462094907407407 0.14957175925925928 0.08755787037037041
3 0.7250231481481482 0.6873842592592594 0.13842592592592595 0.07268518518518512
3 0.6589699074074075 0.7589699074074074 0.15598379629629627 0.09895833333333322
3 0.7095312500000001 0.7478877314814815 0.13550925925925927 0.08651620370370364
3 0.654079861111111 0.7976273148148149 0.08509259259259246 0.0546875
6 0.31906828703703705 0.203125 0.3689004629629629 0.14282407407407405
3 0.4857465277777777 0.18113425925925924 0.11480324074074062 0.05844907407407405
6 0.8207291666666666 0.8263599537037039 0.32599537037037046 0.3019675925925925