3 0.625 0.7334201388888889 0.21875 0.10486111111111107
3 0.45078125 0.7397048611111111 0.2203125 0.10489583333333333
3 0.365625 0.7596875000000001 0.1671875 0.08809027777777771
3 0.3328125 0.6472395833333333 0.153125 0.08309027777777764
3 0.35078125 0.4851388888888889 0.15 0.07052083333333332
3 0.33203125 0.39644097222222224 0.1453125 0.07354166666666657
3 0.296875 0.35347222222222224 0.1359375 0.05770833333333334
3 0.3703125 0.28479166666666667 0.15 0.08302083333333332
3 0.31875 0.2945833333333333 0.13125 0.07166666666666668
3 0.3796875 0.24671874999999996 0.0828125 0.04559027777777782
6 0.65546875 0.8497222222222222 0.3625 0.10649305555555558
3 0.48515625 0.86546875 0.1109375 0.04777777777777779
6 0.21484375 0.21258680555555554 0.309375 0.26625