0 0.2779108796296296 0.8886863425925927 0.10648148148148148 0.11678240740740761
6 0.35773726851851856 0.6704282407407407 0.08883101851851852 0.10769675925925917
0 0.3987037037037037 0.8322916666666668 0.0885532407407407 0.10300925925925944
6 0.3924479166666667 0.7409722222222221 0.1585532407407407 0.23420138888888892
6 0.34458333333333335 0.48550347222222223 0.1517824074074074 0.09369212962962958
0 0.33285879629629633 0.39458912037037036 0.08811342592592589 0.14809027777777778
0 0.3822106481481482 0.4018229166666666 0.07697916666666664 0.11770833333333326
0 0.37691550925925926 0.3205439814814815 0.04699074074074065 0.057928240740740745
0 0.4380497685185185 0.20535300925925926 0.414525462962963 0.4107060185185185
6 0.37921875 0.12094907407407407 0.48531250000000004 0.24189814814814814
6 0.5986979166666666 0.4106770833333333 0.5898379629629631 0.7655092592592594
0 0.48648726851851853 0.9129050925925926 0.054629629629629584 0.0818287037037038
6 0.5789756944444445 0.7434895833333334 0.03761574074074083 0.05723379629629619
6 0.8501157407407407 0.3026041666666667 0.2853240740740741 0.5096064814814815
6 0.7965277777777777 0.11911168981481482 0.23365740740740737 0.23822337962962964