0 0.33718750000000003 0.0743287037037037 0.10083333333333329 0.11072916666666668
6 0.39572916666666663 0.2857349537037037 0.08350694444444447 0.10396990740740737
0 0.45328125 0.1200752314814815 0.08496527777777771 0.0993287037037037
6 0.4379513888888889 0.21265625 0.14711805555555557 0.22608796296296294
6 0.3642361111111111 0.47326388888888893 0.14868055555555557 0.08560185185185176
0 0.3434375 0.5660069444444444 0.08128472222222224 0.14450231481481488
0 0.3944444444444445 0.5543460648148149 0.07125000000000004 0.11453703703703706
0 0.38092013888888887 0.6359432870370371 0.044930555555555605 0.05442129629629626
0 0.4270659722222222 0.7727662037037037 0.39232638888888893 0.4394675925925927
6 0.3626215277777778 0.8621180555555557 0.4728125 0.2669675925925926
6 0.6128819444444444 0.5267939814814815 0.5534722222222224 0.7346759259259258
0 0.5497222222222222 0.035167824074074074 0.050138888888889 0.07033564814814815
6 0.6265277777777778 0.1937962962962963 0.03559027777777786 0.05570601851851853
6 0.857673611111111 0.6132291666666667 0.26708333333333334 0.4950925925925926
6 0.7813194444444445 0.8169212962962963 0.22118055555555555 0.256388888888889