0 0.045413773148148144 0.5455439814814815 0.09082754629629629 0.09762731481481488
6 0.25960648148148147 0.5318287037037036 0.1012731481481481 0.08020833333333321
0 0.11779513888888889 0.4426793981481481 0.09664351851851852 0.08159722222222214
6 0.20240162037037038 0.47543402777777777 0.22204861111111107 0.13929398148148148
6 0.42951388888888886 0.5996527777777778 0.08038194444444446 0.14809027777777786
0 0.5123263888888889 0.6387152777777778 0.14172453703703702 0.07702546296296298
0 0.517361111111111 0.587037037037037 0.11331018518518512 0.06817129629629619
0 0.5919560185185185 0.616261574074074 0.05306712962962958 0.04253472222222214
0 0.7524305555555555 0.601736111111111 0.4587962962962962 0.3805555555555557
6 0.8311921296296296 0.6869791666666667 0.3012731481481481 0.46678240740740745
6 0.5613136574074075 0.36929976851851853 0.7203125 0.5322337962962964
0 0.06342592592592593 0.33078703703703705 0.07667824074074074 0.048090277777777767
6 0.24516782407407406 0.28972800925925923 0.05428240740740744 0.03321759259259256
6 0.73359375 0.13761574074074073 0.4889467592592592 0.27523148148148147
6 0.8827256944444445 0.26455439814814813 0.22008101851851833 0.2125578703703704