3 0.5151736111111112 0.2741261574074074 0.1308680555555556 0.055046296296296225
3 0.5017534722222223 0.31534722222222217 0.14024305555555544 0.055185185185185226
3 0.5062673611111111 0.3583969907407408 0.1480555555555556 0.05530092592592588
3 0.5286458333333334 0.4064004629629629 0.12774305555555543 0.05500000000000003
3 0.5128645833333334 0.4483680555555555 0.14180555555555543 0.055208333333333214
3 0.49402777777777784 0.48716435185185186 0.13374999999999987 0.04415509259259256
3 0.49000000000000005 0.5277430555555556 0.14638888888888885 0.05059027777777771
3 0.5140104166666667 0.5726446759259259 0.14638888888888885 0.05059027777777771
3 0.5350347222222223 0.6815856481481481 0.13746527777777776 0.07076388888888889
3 0.6086631944444445 0.5334085648148148 0.060416666666666785 0.11804398148148146
3 0.6158333333333333 0.316255787037037 0.0651041666666666 0.11811342592592596
3 0.6126041666666666 0.426400462962963 0.058541666666666714 0.10395833333333333
6 0.5115798611111111 0.6116840277777778 0.19489583333333335 0.05443287037037035