3 0.2828125 0.62890625 0.09609375 0.21640625
3 0.26953125 0.4546875 0.09609375 0.21875
3 0.24609375 0.3703125 0.08203125 0.165625
3 0.35703125 0.33515625 0.0765625 0.1515625
3 0.5203125 0.35078125 0.06484375 0.14921875
3 0.6078125 0.33046875 0.0671875 0.14453125
3 0.64921875 0.29453125 0.053125 0.134375
3 0.72109375 0.36640625 0.0765625 0.14921875
3 0.709375 0.31484375 0.0671875 0.1296875
3 0.759375 0.375 0.04296875 0.08203125
6 0.16796875 0.6609375 0.09140625 0.3609375
3 0.1453125 0.49140625 0.04296875 0.1109375
6 0.7875 0.21015625 0.2546875 0.30546875