3 0.39838541666666666 0.26420717592592596 0.22997685185185182 0.12668981481481473
3 0.5724421296296296 0.2738541666666666 0.2315393518518519 0.12670138888888882
3 0.6601157407407408 0.2614872685185185 0.17655092592592592 0.10598379629629626
3 0.6771643518518518 0.3761921296296296 0.16237268518518527 0.09806712962962968
3 0.6373032407407407 0.5358449074074074 0.15749999999999992 0.08553240740740745
3 0.6437847222222223 0.625630787037037 0.1543981481481481 0.08707175925925928
3 0.6727893518518518 0.6715046296296296 0.14168981481481477 0.07291666666666678
3 0.5906365740740741 0.7330439814814815 0.15924768518518526 0.09804398148148152
3 0.6430497685185186 0.7279687499999999 0.13874999999999993 0.08539351851851862
3 0.5760300925925925 0.7698668981481481 0.08831018518518512 0.055335648148148134
6 0.3845196759259259 0.14557291666666666 0.3723958333333333 0.14336805555555557
3 0.5555902777777778 0.14586805555555554 0.11648148148148145 0.058668981481481496
6 0.7346527777777778 0.8194675925925926 0.3418981481481481 0.29937499999999984