3 0.2421875 0.390474537037037 0.1369791666666667 0.23017361111111115
3 0.23833333333333334 0.5652430555555557 0.13708333333333336 0.23173611111111114
3 0.22010416666666668 0.6515509259259259 0.11322916666666669 0.17800925925925917
3 0.33270833333333333 0.6700462962962963 0.10437500000000002 0.16215277777777787
3 0.4952604166666667 0.629363425925926 0.09322916666666678 0.1587037037037037
3 0.5836458333333333 0.636880787037037 0.09447916666666671 0.15406249999999985
3 0.6277083333333333 0.6659837962962963 0.078125 0.14266203703703706
3 0.6955729166666667 0.5836631944444445 0.10427083333333335 0.16059027777777785
3 0.6865625 0.6369502314814814 0.0919791666666665 0.1399537037037037
3 0.7331770833333333 0.5692939814814815 0.058854166666666784 0.08751157407407409
6 0.12541666666666668 0.3760011574074074 0.1589583333333333 0.37273148148148144
3 0.11244791666666668 0.5471412037037038 0.06395833333333334 0.11729166666666657
6 0.77015625 0.7280381944444445 0.3129166666666666 0.3429861111111112