3 0.7464293981481481 0.5231770833333333 0.147037037037037 0.24250000000000008
3 0.715462962962963 0.35250000000000004 0.14862268518518534 0.24572916666666664
3 0.7171585648148148 0.26484375 0.12165509259259259 0.18927083333333333
3 0.6014814814814814 0.2655208333333333 0.11216435185185177 0.17302083333333335
3 0.44719907407407405 0.3305208333333333 0.09962962962962969 0.16749999999999998
3 0.35736689814814815 0.33807291666666667 0.10115740740740745 0.16291666666666665
3 0.307962962962963 0.31635416666666666 0.08543981481481477 0.14937500000000004
3 0.25626736111111115 0.40734375 0.11215277777777777 0.17145833333333335
3 0.25509259259259254 0.35427083333333337 0.09792824074074069 0.1486458333333333
3 0.2212384259259259 0.426875 0.0616087962962963 0.09468750000000004
6 0.8652025462962962 0.5183854166666666 0.1793171296296297 0.3836458333333333
3 0.8451909722222222 0.34932291666666665 0.06962962962962962 0.12333333333333325
6 0.15760416666666666 0.2779166666666667 0.313587962962963 0.37854166666666667