0 0.08859375 0.5110243055555556 0.11614583333333335 0.10642361111111107
6 0.31140625 0.5349479166666666 0.10864583333333329 0.08739583333333342
0 0.16833333333333333 0.421875 0.10406249999999999 0.08874999999999993
6 0.25328125 0.4692708333333334 0.2348958333333333 0.1584375000000001
6 0.48302083333333334 0.6321527777777778 0.0958333333333334 0.15225694444444446
0 0.5667187499999999 0.6841666666666667 0.14770833333333327 0.0891319444444445
0 0.5711458333333332 0.6337326388888889 0.11885416666666657 0.07694444444444457
0 0.64640625 0.6760243055555556 0.05760416666666668 0.04618055555555554
0 0.7804427083333334 0.6878645833333333 0.4391145833333333 0.4160763888888887
6 0.8561979166666667 0.7721006944444444 0.28760416666666655 0.4557986111111111
6 0.6116666666666667 0.42366319444444445 0.766875 0.5902430555555556
0 0.11203125 0.3017534722222222 0.08156249999999998 0.055034722222222145
6 0.29359375 0.2911284722222222 0.057083333333333285 0.03836805555555554
6 0.7611458333333333 0.20413194444444444 0.47770833333333335 0.34937500000000005
6 0.9058854166666667 0.37430555555555556 0.18822916666666673 0.23090277777777785