3 0.6992592592592592 0.4075231481481481 0.0845254629629629 0.13721064814814815
3 0.6597280092592592 0.4300347222222222 0.08664351851851855 0.1466435185185185
3 0.6174016203703704 0.4339409722222222 0.08866898148148153 0.15451388888888892
3 0.5666724537037038 0.4217881944444445 0.08287037037037023 0.13559027777777782
3 0.5262673611111112 0.4458912037037037 0.0868287037037037 0.14976851851851852
3 0.4896296296296295 0.472193287037037 0.07533564814814823 0.13998842592592595
3 0.4499189814814815 0.48457754629629635 0.08388888888888886 0.15277777777777785
3 0.4024537037037037 0.46996527777777775 0.08388888888888886 0.15277777777777785
3 0.29087384259259264 0.47175925925925927 0.10236111111111104 0.14878472222222214
3 0.4302083333333334 0.3699363425925926 0.1296296296296297 0.08275462962962968
3 0.6453009259259259 0.31831597222222224 0.12990740740740742 0.08744212962962958
3 0.5361921296296297 0.3441840277777778 0.11381944444444443 0.07905092592592596
6 0.3636168981481481 0.4807581018518519 0.09916666666666671 0.2001157407407408