3 0.5909895833333334 0.73265625 0.13825231481481487 0.0801388888888889
3 0.5679803240740741 0.694050925925926 0.14611111111111122 0.08181712962962955
3 0.563605324074074 0.6518171296296297 0.15396990740740737 0.08349537037037039
3 0.5753587962962963 0.6004513888888889 0.13508101851851856 0.07853009259259255
3 0.5507638888888888 0.5610416666666667 0.14928240740740736 0.08342592592592588
3 0.5239641203703703 0.5262847222222222 0.13953703703703707 0.07078703703703688
3 0.511869212962963 0.4870601851851852 0.15226851851851855 0.07878472222222221
3 0.5252546296296297 0.4380613425925926 0.15226851851851855 0.07878472222222221
3 0.5227488425925927 0.3271354166666667 0.14813657407407418 0.09746527777777772
3 0.6258564814814814 0.45985532407407403 0.08339120370370381 0.12618055555555546
3 0.6798090277777777 0.6730613425925925 0.08812499999999997 0.12781249999999994
3 0.6523958333333333 0.5648900462962964 0.07984953703703716 0.1120717592592591
6 0.5147685185185186 0.40042245370370366 0.1995601851851852 0.09354166666666668