3 0.37109375 0.7171875 0.21640625 0.09609375
3 0.5453125 0.73046875 0.21875 0.09609375
3 0.6296875 0.75390625 0.165625 0.08203125
3 0.66484375 0.64296875 0.1515625 0.0765625
3 0.64921875 0.4796875 0.14921875 0.06484375
3 0.66953125 0.3921875 0.14453125 0.0671875
3 0.70546875 0.35078125 0.134375 0.053125
3 0.63359375 0.27890625 0.14921875 0.0765625
3 0.68515625 0.290625 0.1296875 0.0671875
3 0.625 0.240625 0.08203125 0.04296875
6 0.3390625 0.83203125 0.3609375 0.09140625
3 0.50859375 0.8546875 0.1109375 0.04296875
6 0.78984375 0.2125 0.30546875 0.2546875