0 0.3444675925925926 0.09409722222222222 0.10002314814814817 0.10983796296296296
6 0.39747685185185183 0.31114004629629627 0.08265046296296293 0.10295138888888893
0 0.45856481481481487 0.14994212962962963 0.08407407407407419 0.09832175925925926
6 0.4409895833333334 0.24157986111111113 0.1455902777777777 0.22546296296296298
6 0.3607175925925926 0.4959201388888889 0.14767361111111105 0.08506944444444428
0 0.3376736111111111 0.5873553240740741 0.0807291666666667 0.1434606481481481
0 0.38873263888888887 0.579861111111111 0.07052083333333332 0.11498842592592595
0 0.3738252314814815 0.6606481481481482 0.043761574074074085 0.0546875
0 0.416556712962963 0.7905960648148149 0.38924768518518515 0.41880787037037026
6 0.3483159722222222 0.8768518518518519 0.4715162037037038 0.24629629629629618
6 0.6080150462962963 0.5699942129629629 0.5477199074074074 0.7335648148148148
0 0.5571585648148148 0.06912615740740741 0.050706018518518546 0.07835648148148147
6 0.6295717592592592 0.23839699074074075 0.03443287037037042 0.055902777777777767
6 0.8534895833333334 0.6791956018518519 0.2690393518518519 0.4938078703703702
6 0.7686805555555555 0.8740596064814815 0.21981481481481496 0.25188078703703703